CLASSIFICATION REPORT - ResNet18 Transfer Learning BEST MODEL (All 38 Classes)
================================================================================
              precision    recall  f1-score   support

    Class_00     0.9934    1.0000    0.9967       150
    Class_01     0.9434    1.0000    0.9709       150
    Class_02     0.9536    0.9600    0.9568       150
    Class_03     0.9470    0.9533    0.9502       150
    Class_04     0.9074    0.9800    0.9423       150
    Class_05     0.9539    0.9667    0.9603       150
    Class_06     0.9200    1.0000    0.9583        23
    Class_07     0.9470    0.9533    0.9502       150
    Class_08     1.0000    0.9846    0.9922       130
    Class_09     0.9718    0.9200    0.9452       150
    Class_10     0.8663    0.9933    0.9255       150
    Class_11     0.9412    0.9600    0.9505       150
    Class_12     0.9363    0.9800    0.9577       150
    Class_13     0.8854    0.9267    0.9055       150
    Class_14     0.9193    0.9867    0.9518       150
    Class_15     0.9177    0.9667    0.9416       150
    Class_16     0.9080    0.9867    0.9457       150
    Class_17     0.9556    0.8600    0.9053       150
    Class_18     0.9262    0.9200    0.9231       150
    Class_19     0.9310    0.9000    0.9153       150
    Class_20     0.9539    0.9667    0.9603       150
    Class_21     0.9346    0.9533    0.9439       150
    Class_22     0.9504    0.8933    0.9210       150
    Class_23     0.9630    0.9533    0.9581       300
    Class_24     0.9221    0.9467    0.9342       150
    Class_25     0.8968    0.9267    0.9115       150
    Class_26     0.9470    0.9533    0.9502       150
    Class_27     0.9928    0.9200    0.9550       150
    Class_28     0.9318    0.8200    0.8723       150
    Class_29     0.9295    0.9667    0.9477       150
    Class_30     0.8931    0.9467    0.9191       150
    Class_31     0.9568    0.8867    0.9204       150
    Class_32     0.9103    0.8800    0.8949       150
    Class_33     0.9079    0.9200    0.9139       150
    Class_34     0.9624    0.8533    0.9046       150
    Class_35     0.9437    0.8933    0.9178       150
    Class_36     1.0000    0.9000    0.9474       150
    Class_37     0.9589    0.9333    0.9459       150

    accuracy                         0.9386      5703
   macro avg     0.9389    0.9398    0.9385      5703
weighted avg     0.9398    0.9386    0.9384      5703
