CLASSIFICATION REPORT - Transfer Learning BEST MODEL (All 38 Classes)
================================================================================
              precision    recall  f1-score   support

    Class_00     0.9868    1.0000    0.9934       150
    Class_01     0.9211    0.9333    0.9272       150
    Class_02     0.8393    0.9400    0.8868       150
    Class_03     0.8442    0.8667    0.8553       150
    Class_04     0.8609    0.8667    0.8638       150
    Class_05     0.8315    0.9867    0.9024       150
    Class_06     1.0000    0.9130    0.9545        23
    Class_07     0.8391    0.9733    0.9012       150
    Class_08     0.9848    1.0000    0.9924       130
    Class_09     0.8456    0.7667    0.8042       150
    Class_10     0.7910    0.9333    0.8563       150
    Class_11     0.9179    0.8200    0.8662       150
    Class_12     0.8333    0.8667    0.8497       150
    Class_13     0.8857    0.8267    0.8552       150
    Class_14     0.9041    0.8800    0.8919       150
    Class_15     0.8012    0.9133    0.8536       150
    Class_16     0.8261    0.8867    0.8553       150
    Class_17     0.8931    0.7800    0.8327       150
    Class_18     0.8849    0.8200    0.8512       150
    Class_19     0.7554    0.9267    0.8323       150
    Class_20     0.8393    0.9400    0.8868       150
    Class_21     0.9265    0.8400    0.8811       150
    Class_22     0.8534    0.6600    0.7444       150
    Class_23     0.8912    0.8733    0.8822       300
    Class_24     0.8235    0.7467    0.7832       150
    Class_25     0.7886    0.9200    0.8492       150
    Class_26     0.7527    0.9333    0.8333       150
    Class_27     0.9500    0.8867    0.9172       150
    Class_28     0.8444    0.7600    0.8000       150
    Class_29     0.8951    0.9667    0.9295       150
    Class_30     0.7987    0.7933    0.7960       150
    Class_31     0.8372    0.7200    0.7742       150
    Class_32     0.9219    0.7867    0.8489       150
    Class_33     0.8938    0.6733    0.7681       150
    Class_34     0.8246    0.6267    0.7121       150
    Class_35     0.7256    0.7933    0.7580       150
    Class_36     0.8559    0.6733    0.7537       150
    Class_37     0.7650    0.9333    0.8408       150

    accuracy                         0.8520      5703
   macro avg     0.8588    0.8533    0.8522      5703
weighted avg     0.8560    0.8520    0.8502      5703
