Classification Report: MLP
====================================================================================================

              precision    recall  f1-score   support

    Class_00     0.9203    0.8467    0.8819       150
    Class_01     0.6994    0.7600    0.7284       150
    Class_02     0.5957    0.9133    0.7211       150
    Class_03     0.7969    0.6800    0.7338       150
    Class_04     0.8231    0.7133    0.7643       150
    Class_05     0.7432    0.9067    0.8168       150
    Class_06     0.8000    0.6957    0.7442        23
    Class_07     0.6919    0.9133    0.7874       150
    Class_08     0.9474    0.9692    0.9582       130
    Class_09     0.6095    0.6867    0.6458       150
    Class_10     0.6505    0.8067    0.7202       150
    Class_11     0.6627    0.7333    0.6962       150
    Class_12     0.6780    0.9267    0.7831       150
    Class_13     0.7239    0.6467    0.6831       150
    Class_14     0.6688    0.7000    0.6840       150
    Class_15     0.7928    0.5867    0.6743       150
    Class_16     0.7273    0.7467    0.7368       150
    Class_17     0.8201    0.7600    0.7889       150
    Class_18     0.7020    0.7067    0.7043       150
    Class_19     0.7613    0.7867    0.7738       150
    Class_20     0.8145    0.6733    0.7372       150
    Class_21     0.8868    0.6267    0.7344       150
    Class_22     0.6716    0.6000    0.6338       150
    Class_23     0.8062    0.8733    0.8384       300
    Class_24     0.6184    0.6267    0.6225       150
    Class_25     0.6743    0.7867    0.7262       150
    Class_26     0.6899    0.7267    0.7078       150
    Class_27     0.7500    0.7000    0.7241       150
    Class_28     0.7043    0.5400    0.6113       150
    Class_29     0.7175    0.8467    0.7768       150
    Class_30     0.6627    0.7333    0.6962       150
    Class_31     0.8837    0.5067    0.6441       150
    Class_32     0.7589    0.7133    0.7354       150
    Class_33     0.6686    0.7533    0.7085       150
    Class_34     0.6412    0.5600    0.5979       150
    Class_35     0.6500    0.6933    0.6710       150
    Class_36     0.8370    0.5133    0.6364       150
    Class_37     0.7745    0.5267    0.6270       150

    accuracy                         0.7270      5703
   macro avg     0.7375    0.7233    0.7225      5703
weighted avg     0.7372    0.7270    0.7243      5703
