Classification Report: Transfer Learning
====================================================================================================

              precision    recall  f1-score   support

    Class_00     1.0000    1.0000    1.0000       150
    Class_01     0.9494    1.0000    0.9740       150
    Class_02     0.9423    0.9800    0.9608       150
    Class_03     0.9536    0.9600    0.9568       150
    Class_04     0.9363    0.9800    0.9577       150
    Class_05     0.9346    0.9533    0.9439       150
    Class_06     0.8214    1.0000    0.9020        23
    Class_07     0.9313    0.9933    0.9613       150
    Class_08     1.0000    0.9615    0.9804       130
    Class_09     0.9846    0.8533    0.9143       150
    Class_10     0.9074    0.9800    0.9423       150
    Class_11     0.9660    0.9467    0.9562       150
    Class_12     0.9419    0.9733    0.9574       150
    Class_13     0.9338    0.8467    0.8881       150
    Class_14     0.9781    0.8933    0.9338       150
    Class_15     0.9635    0.8800    0.9199       150
    Class_16     0.9030    0.9933    0.9460       150
    Class_17     0.9315    0.9067    0.9189       150
    Class_18     0.9384    0.9133    0.9257       150
    Class_19     0.9257    0.9133    0.9195       150
    Class_20     0.9595    0.9467    0.9530       150
    Class_21     0.9452    0.9200    0.9324       150
    Class_22     0.8896    0.9667    0.9265       150
    Class_23     0.9667    0.9667    0.9667       300
    Class_24     0.9346    0.9533    0.9439       150
    Class_25     0.9456    0.9267    0.9360       150
    Class_26     0.9351    0.9600    0.9474       150
    Class_27     1.0000    0.8867    0.9399       150
    Class_28     0.8313    0.9200    0.8734       150
    Class_29     0.9400    0.9400    0.9400       150
    Class_30     0.8862    0.9867    0.9338       150
    Class_31     0.8993    0.8933    0.8963       150
    Class_32     0.9267    0.9267    0.9267       150
    Class_33     0.9320    0.9133    0.9226       150
    Class_34     0.9784    0.9067    0.9412       150
    Class_35     0.9574    0.9000    0.9278       150
    Class_36     0.9231    0.8800    0.9010       150
    Class_37     0.9125    0.9733    0.9419       150

    accuracy                         0.9386      5703
   macro avg     0.9370    0.9393    0.9371      5703
weighted avg     0.9401    0.9386    0.9385      5703
