Classification Report: CNN
====================================================================================================

              precision    recall  f1-score   support

    Class_00     1.0000    1.0000    1.0000       150
    Class_01     0.9615    1.0000    0.9804       150
    Class_02     0.9677    1.0000    0.9836       150
    Class_03     0.9932    0.9800    0.9866       150
    Class_04     0.9490    0.9933    0.9707       150
    Class_05     0.9800    0.9800    0.9800       150
    Class_06     0.8750    0.9130    0.8936        23
    Class_07     0.9739    0.9933    0.9835       150
    Class_08     0.9845    0.9769    0.9807       130
    Class_09     0.9861    0.9467    0.9660       150
    Class_10     0.9551    0.9933    0.9739       150
    Class_11     0.9868    0.9933    0.9900       150
    Class_12     0.9554    1.0000    0.9772       150
    Class_13     0.9669    0.9733    0.9701       150
    Class_14     0.9739    0.9933    0.9835       150
    Class_15     0.9796    0.9600    0.9697       150
    Class_16     0.9613    0.9933    0.9770       150
    Class_17     0.9864    0.9667    0.9764       150
    Class_18     0.9932    0.9667    0.9797       150
    Class_19     0.9600    0.9600    0.9600       150
    Class_20     0.9868    0.9933    0.9900       150
    Class_21     0.9610    0.9867    0.9737       150
    Class_22     0.9589    0.9333    0.9459       150
    Class_23     0.9966    0.9700    0.9831       300
    Class_24     0.9597    0.9533    0.9565       150
    Class_25     0.9545    0.9800    0.9671       150
    Class_26     0.9673    0.9867    0.9769       150
    Class_27     0.9928    0.9200    0.9550       150
    Class_28     0.9856    0.9133    0.9481       150
    Class_29     0.9487    0.9867    0.9673       150
    Class_30     0.9367    0.9867    0.9610       150
    Class_31     0.9603    0.9667    0.9635       150
    Class_32     0.9863    0.9600    0.9730       150
    Class_33     0.9797    0.9667    0.9732       150
    Class_34     0.9712    0.9000    0.9343       150
    Class_35     0.9412    0.9600    0.9505       150
    Class_36     0.9856    0.9133    0.9481       150
    Class_37     0.9427    0.9867    0.9642       150

    accuracy                         0.9709      5703
   macro avg     0.9686    0.9696    0.9688      5703
weighted avg     0.9713    0.9709    0.9708      5703
