Classification Report: SimpleNN
====================================================================================================

              precision    recall  f1-score   support

    Class_00     0.5581    0.9600    0.7059       150
    Class_01     0.4351    0.4467    0.4408       150
    Class_02     0.4060    0.8067    0.5402       150
    Class_03     0.3537    0.7333    0.4772       150
    Class_04     0.6154    0.3733    0.4647       150
    Class_05     0.6593    0.5933    0.6246       150
    Class_06     0.6786    0.8261    0.7451        23
    Class_07     0.5723    0.6600    0.6130       150
    Class_08     0.9677    0.9231    0.9449       130
    Class_09     0.5000    0.3533    0.4141       150
    Class_10     0.5537    0.4467    0.4945       150
    Class_11     0.3594    0.6733    0.4687       150
    Class_12     0.5366    0.2933    0.3793       150
    Class_13     0.6667    0.2533    0.3671       150
    Class_14     0.5279    0.6933    0.5994       150
    Class_15     0.6774    0.1400    0.2320       150
    Class_16     0.5301    0.5867    0.5570       150
    Class_17     0.6383    0.4000    0.4918       150
    Class_18     0.4322    0.3400    0.3806       150
    Class_19     0.6420    0.3467    0.4502       150
    Class_20     0.3975    0.8400    0.5396       150
    Class_21     0.5918    0.5800    0.5859       150
    Class_22     0.3619    0.2533    0.2980       150
    Class_23     0.6875    0.4400    0.5366       300
    Class_24     0.3194    0.4067    0.3578       150
    Class_25     0.5631    0.3867    0.4585       150
    Class_26     0.6765    0.3067    0.4220       150
    Class_27     0.7174    0.6600    0.6875       150
    Class_28     0.3446    0.4067    0.3731       150
    Class_29     0.7500    0.7000    0.7241       150
    Class_30     0.4474    0.5667    0.5000       150
    Class_31     0.5758    0.5067    0.5390       150
    Class_32     0.5968    0.4933    0.5401       150
    Class_33     0.5333    0.5333    0.5333       150
    Class_34     0.3413    0.5733    0.4279       150
    Class_35     0.3780    0.5267    0.4401       150
    Class_36     0.4198    0.2267    0.2944       150
    Class_37     0.5185    0.2800    0.3636       150

    accuracy                         0.5038      5703
   macro avg     0.5403    0.5141    0.5003      5703
weighted avg     0.5396    0.5038    0.4943      5703
